average = 5.276206
variance = 7.858203
variance of the mean = 0.079376
