For x = 0 average of y(x)= 4.29751
For x = 1 average of y(x)= 11.3069
For x = 2 average of y(x)= 28.2238
For x = 3 average of y(x)= 46.2639
For x = 4 average of y(x)= 58.2396
For x = 5 average of y(x)= 102.598
For x = 6 average of y(x)= 247.467

Covariance Matrix:
3.93164e-06 -2.43973e-07 1.25325e-07 1.1996e-06 -7.48387e-07 1.82323e-06 -1.4426e-05 
-2.43973e-07 7.98224e-06 8.2462e-07 -6.97068e-07 -5.10631e-06 6.03825e-06 -2.43041e-06 
1.25325e-07 8.2462e-07 4.60765e-05 -2.8799e-06 -1.80121e-06 1.12612e-05 -2.22529e-05 
1.1996e-06 -6.97068e-07 -2.8799e-06 0.000243266 -2.42368e-05 -1.40574e-05 -1.34314e-05 
-7.48387e-07 -5.10631e-06 -1.80121e-06 -2.42368e-05 0.00138915 -4.14964e-05 3.89967e-05 
1.82323e-06 6.03825e-06 1.12612e-05 -1.40574e-05 -4.14964e-05 0.00545453 -4.00861e-05 
-1.4426e-05 -2.43041e-06 -2.22529e-05 -1.34314e-05 3.89967e-05 -4.00861e-05 0.0143155 
